8 15
0.0 0.7653668647301795 1.414213562373095 1.8477590650225735 2.0 1.8477590650225737 1.4142135623730951 0.7653668647301798
0.7653668647301795 0.0 0.7653668647301795 1.414213562373095 1.8477590650225735 2.0 1.8477590650225737 1.4142135623730951
1.414213562373095 0.7653668647301795 0.0 0.7653668647301797 1.414213562373095 1.8477590650225737 2.0 1.8477590650225737
1.8477590650225735 1.414213562373095 0.7653668647301797 0.0 0.7653668647301795 1.414213562373095 1.8477590650225733 2.0
2.0 1.8477590650225735 1.414213562373095 0.7653668647301795 0.0 0.7653668647301796 1.4142135623730951 1.8477590650225737
1.8477590650225737 2.0 1.8477590650225737 1.414213562373095 0.7653668647301796 0.0 0.7653668647301795 1.414213562373095
1.4142135623730951 1.8477590650225737 2.0 1.8477590650225733 1.4142135623730951 0.7653668647301795 0.0 0.7653668647301796
0.7653668647301798 1.4142135623730951 1.8477590650225737 2.0 1.8477590650225737 1.414213562373095 0.7653668647301796 0.0
